[ -1.62124634e-05   7.48043053e-01  -6.25008106e-01  -1.02539093e-01]
[-0.75       -0.03309822  0.5        -0.5       ]
[-0.78253127 -0.19591895 -0.45274986  0.97580062]
[ 0.  0.  0.  0.]
[ 0.  0.  0.  0.]
[-1.01173228 -0.1814521  -1.40408791 -0.85949168]
[ 0.  0.  0.  0.]
[-0.01293945 -0.01281071 -0.01855469  0.99987793]
[-0.35533872  0.96023503 -0.65918665 -0.58264015]
[-0.01483154  0.99999976  0.42937997 -0.0625    ]
[ 0.         -0.09204102  0.          0.        ]
[ 0.   0.  -0.5  0. ]
[ 0.         -0.06043879  0.40380764  0.99975586]
[-0.5  0.   0.   0. ]
[ 0.  0.  0.  0.]
[ 0.  0.  0.  0.]
[-0.0321632   0.48803711  0.20284374 -0.2739989 ]
[-0.49698776 -0.40816661 -0.0634459  -0.51180863]
[-0.08891674 -0.04250653  0.          0.        ]
[ 0.          0.         -0.53128052  0.        ]
[ 0.    0.    0.    0.75]
[ 0.  0.  0.  0.]
[ 0.  0.  0.  0.]
[-0.37460493 -0.36652681 -0.16810107  0.20249382]
[ 0.5  0.   0.   0. ]
[-1.00013305 -0.32262073 -1.05133657 -0.1662418 ]
[ 0.78505079 -0.48348057 -0.6267755  -0.36808165]
[-1.10209995 -0.06794511 -1.34330022 -0.58825738]
[-0.5      0.5     -0.03125  0.     ]
[ 0.  0.  0.  0.]
[ 0.  0.  0.  0.]
[ 0.  0.  0.  0.]
[-0.5        -0.2514661  -0.52353668 -0.04995547]
[-0.5        -0.18763733  0.          0.        ]
[-0.00170493  0.          0.          0.        ]
[-1.59351358 -0.06029253 -1.43378249 -1.2337378 ]
[-0.60885466 -0.46530887 -0.42453277 -0.06595265]
[ 0.96875     0.         -0.23675815  0.        ]
[ 0.         -0.00109911  0.75        0.        ]
[-0.015625   -0.00012207  0.          0.        ]
[ 0.  0.  0.  0.]
[ 0.  0.  0.  0.]
[ -1.75857544e-02  -8.38554115e-09  -1.19209290e-07   0.00000000e+00]
[ 0.75  0.    0.    0.  ]
[ 0.49600178 -0.50000048 -0.25781447  0.        ]
[ 0.  0.  0.  0.]
[-0.08330715 -0.33306573 -0.9350317  -0.34526787]
[-0.01013798 -0.00123915  0.80418389  1.        ]
[-0.03035455 -0.37604483 -0.75       -0.15709594]
[ 0.         -0.03222668  0.          0.        ]
[ 0.  0.  0.  0.]
[ 0.5  0.   0.   0. ]
[ 0.  0.  0.  0.]
[ 0.         -0.20574088  0.          0.        ]
[ 0.  0.  0.  0.]
[-0.5  0.5  0.   0. ]
[ 0.          0.9375     -0.75001216  0.        ]
[  0.00000000e+00  -2.44140625e-04  -3.75000000e-01   8.75000000e-01]
[ 0.    0.    0.75  0.  ]
[ 0.  0.  0.  0.]
[ -4.36557457e-11   0.00000000e+00   0.00000000e+00   0.00000000e+00]
[-0.72645439 -0.63796674 -1.39710402 -0.43121363]
[-0.46301842 -0.10620737 -1.24004595 -0.30374041]
[ 0.  0.  0.  0.]
[-0.25       -0.02612983  0.          0.        ]
[ 0.26494897 -0.10923766 -0.10106256 -0.12890724]
[-0.0625  0.      0.      0.    ]
[-0.46678716 -0.50643843 -0.13598875  0.99995401]
[-0.5     0.      0.     -0.0625]
[ 0.  0.  0.  0.]
[ -1.52587891e-05   0.00000000e+00   0.00000000e+00   0.00000000e+00]
[-1.11461246 -0.80491022 -0.52718644 -0.06597782]
[ 0.  0.  0.  0.]
[-0.4661691   0.45800612 -0.69896828 -0.25577676]
[-0.75    0.      0.     -0.0625]
[-0.62207032  0.5         0.84375    -0.140625  ]
[ 0.  0.  0.  0.]
[ 0.  0.  0.  0.]
[  7.50000000e-01  -7.45060902e-09   0.00000000e+00   9.68750000e-01]
[-0.03300263  0.99482202 -0.21024768 -0.29320992]
[-0.98706985 -0.04359405 -0.32394229 -0.50003059]
[ 0.   0.5  0.   0. ]
[-0.0078125  0.         0.         0.       ]
[-0.5         0.95554163 -0.36449225 -0.06438254]
[ 0.5  0.   0.   0. ]
[ 0.  0.  0.  0.]
[-0.09594822 -0.14190645 -0.125       0.75      ]
[ 0.  0.  0.  0.]
[-0.75609153 -0.32299853  0.          0.        ]
[ 0.  0.  0.  0.]
[-0.375      0.9921875 -0.0625    -0.3125   ]
[ 0.75  0.    0.    0.  ]
[ 0.          0.          0.         -0.00195312]
